name	pool	seq	size	%gc	tm (use 65)
Fermon_1_LEFT	1	GGAGCTCAAGTTACTAGACAGCA	23	47.83	60.06
Fermon_1_RIGHT	1	CCCATTTGACTGATCTTAAAGTATAAAATCTG	32	31.25	60.39
Fermon_2_LEFT	2	ATTTACCAGATCATGAAGCAGTAGC	25	40.00	59.62
Fermon_2_RIGHT	2	TCGCACAAGCTATTGATGTTCCA	23	43.48	61.12
Fermon_3_LEFT	1	CCAGGGTTTAATGATATCATGAAAGGT	27	37.04	59.99
Fermon_3_RIGHT	1	GACTGGTGCTGAGCTATGGTCA	22	54.55	62.24
Fermon_4_LEFT	2	CACCCAGGGTGTTCCAACATA	21	52.38	60.03
Fermon_4_RIGHT	2	AGGATCAATTTCCCTGTTGCCA	22	45.45	60.41
Fermon_5_LEFT	1	CATATCCAGATATTATACTCATTGGTCTGG	30	36.67	60.05
Fermon_5_RIGHT	1	AGTGGTTTGATTGTCCAATATCTGG	25	40.00	59.73
Fermon_6_LEFT	2	CCCCAGTGAGTCCTCTGATACT	22	54.55	60.54
Fermon_6_RIGHT	2	AAAGTTTTTGTGTGTCCCTGCG	22	45.45	60.60
Fermon_7_LEFT	1	AATTTTCTTGGTAGGGCAGCCC	22	50.00	61.34
Fermon_7_RIGHT	1	CTGAATATGCTGAGTTGATGCACA	24	41.67	59.98
Fermon_8_LEFT	2	GGCAATCAGGCAGTAATGCTAGT	23	47.83	61.25
Fermon_8_RIGHT	2	TGAGGCATAGTTGTGACACTCG	22	50.00	60.53
